1403638522.577829599 0.01377 0.00803 0.15452 0.83049 0.01105 0.55536 -0.04173
1403638522.677829504 0.01984 0.00859 0.19970 0.82807 0.01479 0.55851 -0.04638
1403638522.777829409 0.02687 0.01114 0.24855 0.82205 0.02239 0.56680 -0.04969
1403638522.877829552 0.03261 0.01261 0.29744 0.81631 0.02110 0.57383 -0.06258
1403638522.977829456 0.03615 0.00992 0.34437 0.81110 0.01634 0.58035 -0.07102
1403638523.077829599 0.03762 0.00495 0.37775 0.80855 0.01495 0.58381 -0.07205
1403638523.177829504 0.03765 -0.00050 0.39246 0.80756 0.01528 0.58526 -0.07132
1403638523.277829409 0.03541 -0.00880 0.38301 0.80515 0.01519 0.58962 -0.06203
1403638523.377829552 0.03469 -0.01444 0.35141 0.80409 0.01431 0.59155 -0.05750
1403638523.477829456 0.03240 -0.02068 0.30916 0.80778 0.01684 0.58687 -0.05281
1403638523.577829599 0.02718 -0.02807 0.25822 0.81701 0.02118 0.57440 -0.04589
1403638523.677829504 0.02053 -0.03422 0.20865 0.82639 0.02409 0.56123 -0.03896
1403638523.777829409 0.01457 -0.03910 0.16090 0.83094 0.02699 0.55459 -0.03530
1403638523.877829552 0.00600 -0.04313 0.11745 0.83151 0.02990 0.55379 -0.03195
1403638523.977829456 -0.00004 -0.04754 0.08375 0.83158 0.03597 0.55378 -0.02272
1403638524.077829599 -0.00372 -0.04920 0.07072 0.83470 0.04437 0.54869 -0.01572
1403638524.177829504 -0.00457 -0.04812 0.08811 0.83925 0.04928 0.54126 -0.01628
1403638524.277829409 -0.00240 -0.04762 0.13391 0.84031 0.05029 0.53930 -0.02244
1403638524.377829552 0.00118 -0.04748 0.19007 0.83754 0.04879 0.54326 -0.03194
1403638524.477829456 0.00799 -0.04644 0.25032 0.83100 0.04692 0.55294 -0.03879
1403638524.577829599 0.01611 -0.04438 0.31020 0.82220 0.04550 0.56583 -0.04180
1403638524.677829504 0.02525 -0.04093 0.36375 0.81581 0.03990 0.57572 -0.03750
1403638524.777829409 0.03192 -0.03688 0.40414 0.81200 0.03469 0.58210 -0.02467
1403638524.877829552 0.03679 -0.03231 0.43035 0.81053 0.03190 0.58446 -0.02077
1403638524.977829456 0.03898 -0.02900 0.43981 0.80902 0.03422 0.58614 -0.02730
1403638525.077829599 0.03964 -0.02754 0.42710 0.80636 0.03771 0.58969 -0.02506
1403638525.177829504 0.04244 -0.02648 0.39306 0.80500 0.04244 0.59132 -0.02293
1403638525.277829409 0.04179 -0.02565 0.34537 0.80770 0.04734 0.58724 -0.02290
1403638525.377829552 0.04011 -0.02734 0.29311 0.81655 0.05245 0.57430 -0.02582
1403638525.477829456 0.03419 -0.02583 0.23997 0.82873 0.05424 0.55597 -0.03427
1403638525.577829599 0.02910 -0.02499 0.19153 0.83780 0.05366 0.54183 -0.04041
1403638525.677829504 0.02938 -0.02979 0.15432 0.84079 0.05076 0.53736 -0.04161
1403638525.777829409 0.02713 -0.03174 0.12312 0.83922 0.04495 0.54054 -0.03890
1403638525.877829552 0.02606 -0.03411 0.10145 0.83560 0.04075 0.54689 -0.03211
1403638525.977829456 0.02318 -0.04307 0.09166 0.83426 0.03968 0.54942 -0.02388
1403638526.077829599 0.01947 -0.06275 0.09267 0.83589 0.03759 0.54726 -0.01954
1403638526.177829504 0.01606 -0.09259 0.10057 0.83830 0.02845 0.54419 -0.01763
1403638526.277829409 0.01137 -0.12901 0.11432 0.83741 0.01952 0.54604 -0.01423
1403638526.377829552 0.00469 -0.17030 0.12908 0.83329 0.01086 0.55260 -0.01185
1403638526.477829456 -0.00420 -0.21611 0.14179 0.82822 -0.00013 0.56030 -0.01057
1403638526.577829599 -0.01431 -0.26819 0.15080 0.82290 -0.01110 0.56800 -0.00922
1403638526.677829504 -0.02630 -0.32790 0.15833 0.81781 -0.01937 0.57514 -0.00487
1403638526.777829409 -0.04058 -0.39251 0.16391 0.81476 -0.02474 0.57925 0.00348
1403638526.877829552 -0.05607 -0.45758 0.16733 0.81405 -0.02791 0.58001 0.01152
1403638526.977829456 -0.07273 -0.51908 0.17033 0.81712 -0.03431 0.57522 0.01591
1403638527.077829599 -0.08757 -0.57689 0.17388 0.82160 -0.04746 0.56760 0.02367
1403638527.177829504 -0.09935 -0.62803 0.17923 0.82332 -0.06266 0.56322 0.03161
1403638527.277829409 -0.10599 -0.66837 0.18563 0.82037 -0.07641 0.56505 0.04326
